0.6594359421	-0.008796525367	0.05365546874	-0.1088798529	0.1285910072	-0.08399041527	-0.009521860844	-0.05472256727	-0.008013360947	-0.06427651405	-0.04030236508	0.03133549281	-0.09848544502	-0.03051314729	0.002926434799	-0.02378267788	-0.0320639557	0.008329050411	0.1941613535	0.02358901571	0.161855694	-0.001261068843	-0.0133461315	-0.07161061004	0.002583813494	-0.07257216213	-0.06106724308	-0.05325125035	0.1553057679	0.1384521389	0.4285409168	0.0435913974	-0.009549701301	0.04878290487	-0.1452959508	-0.1480867672	-0.07203392259	-0.02388941865	-0.00670537907	0.04134395605	-0.01133217464	0.01130013673	-0.01604737562	-0.04777393511	0.001523520266	-0.05582930235	-0.01785948791	0.1069981232	-0.009872928379	0.07505785278	0.04371234379	-0.00968631785	0.03772354476	0.1794582099	-0.002648117919	-0.02899614014	0.1238531761	0.01268492491	-0.0571367446	-0.004478553634	-0.01076997055	0.01769245278	-0.01524558079	-0.06772118077	0.0009627143269	0.219490917	0.02869003305	-0.0927064302	0.01509646574	0.09674941076	0.01660908203	0.03242465116	-0.01763527309	0.0209788919	-0.07398796727	0.01217100623	-0.1290893265	-0.0259564019	0.05071094882	0.01831863326	0.1377128161	-0.05925466383	-0.05600747711	-0.04408654467	-0.04929053801	-0.02476562838	0.09529887224	-0.02739411725	0.009605038279	0.004683931035	-0.05613436928	-0.06591933733	0.03426771702	0.01244265416	-0.05196687942	0.01005666237	-0.04238287203	-0.02113745631	-0.0141812206	-0.05498764867	0.04573764038	-0.002512117421	0.06665137428	-0.04824214984	-0.02808427136	0.01880508743	-0.08564990499	-0.03264751409	-0.03563266254	-0.07294394442	-0.09731217113	-0.0006094491589	0.0630504735	0.007211073913	0.01906860636	-0.008457102568	-0.02066802552	0.01005496674	0.05081963785	-0.05967634496	0.0770731556	0.00448544393	0.004706879129	-0.07841812057	-0.009975212281	-0.08530670682	-0.07953747747	-0.08410213948	-0.08079394089	-0.06298997149	-0.0860726414	0.04079693409	0.01293109202	-0.04617973947	-0.01212385251	-0.03835915933	0.07414379969	-0.0200458844	0.03292278411	0.0586898347	-0.06124574142	-0.02593484579	-0.04537515282	-0.0582666603	-0.01747922347	-0.09874688742	0.001055326661	-0.05393699521	-0.04545567755	0.00914263013	0.03130238578	-0.001805415281	-0.04824220389	0.01369514135	0.03708462253	0.03026025234	0.1834180178	0.07320967896	-0.05558967167	-0.06118900306	-0.01688595026	0.007961414142	-0.05980668959	-0.06787952186	-0.04124135222	-0.04570300531	-0.03457885505	-0.0456203965	0.03203774066	0.1111109002	0.01032797594	0.009994811571	-0.03847067973	-0.004944571374	-0.01767467724	-0.0199630153	-0.05155394326	-0.06052261323	0.003752070415	0.0204464846	-0.01474283738	0.04487149834	0.03297919018	0.09172684534	0.001223068026	0.0183608279	-0.03096694663	-0.0854365075	-0.1305123348	0.02638738782	-0.0377797775	0.1319397723
-0.008796525367	0.7431352036	0.03632950814	-0.02999411384	-0.106994262	-0.002932837906	0.02788934146	0.02036925411	0.06464618687	0.01569223614	0.04734692319	0.02395031374	-0.02620336264	0.06566338398	0.03629698127	0.05521475064	0.05322310563	0.04622763104	-0.01223473021	0.07008667815	0.02659527258	0.05817999934	0.07175754906	-0.04424933293	0.03948790295	0.02870648072	-0.07702935173	-0.04189927226	-0.009876875497	0.01420134985	-0.02875449272	0.04247212857	0.08761958306	-0.06885158209	-0.152775555	-0.1469104759	-0.03051250937	0.08258838403	0.1030780828	-0.03764703808	0.0184133415	0.07070786699	0.01413644018	0.1204957656	0.02592582288	-0.02867364219	-0.02866295946	-0.03299640611	0.05319143101	-0.03566945407	-0.1189339646	-0.05846720333	-0.03865441566	0.03213778964	0.01608355158	-0.01785940353	-0.01910520167	-0.07252126688	-0.08782409479	-0.07183719666	-0.0483119453	-0.1031882855	-0.07028515321	-0.1132319114	-0.09239466535	-0.09111879615	-0.09387117876	-0.07729264893	0.08888053075	0.05163890069	0.01768223306	-0.09061622494	-0.08968256585	-0.0690480873	-0.1116226803	0.05139774008	-0.1047514779	-0.01165653997	-0.05468556973	-0.05722863125	-0.1059701598	0.4708539414	0.0287910845	0.004247111752	0.01376898671	-0.02471533773	-0.08488108348	0.004715530931	-0.003402841024	-0.006426878439	-0.04007874269	-0.04102891165	0.02555035957	-0.03779016709	-0.1190784372	-0.1053823826	0.006681151516	0.02536100111	0.02810172607	0.05990582067	-0.04915094288	0.02006364808	-0.05897659111	0.003190836331	0.0388903366	0.01470544682	-0.05433615514	-0.1252665804	0.04478079498	0.05321461305	-0.06564677981	-0.08787605974	0.07054707674	0.03123176651	0.03345541094	0.02034227754	0.05842576254	0.1068760412	-0.09433543144	-0.004274750105	-0.03266696068	0.005679837667	-0.03398663687	-0.0783940554	0.02383228021	-0.04070789113	-0.07959908031	-0.09254719051	-0.09498379354	-0.1424577517	-0.06986148249	-0.03311400558	-0.04725869692	0.08500936332	0.01384085094	-0.01024627907	0.006955658024	-0.02732454038	-0.012326186	-0.01689757902	-0.008578040881	-0.009985401256	-0.003060534378	-0.03271416992	0.02735034886	0.02486099649	0.06822228304	0.07482805489	-0.05549076061	0.04280741487	0.02922736586	0.03251866913	-0.04778461859	0.02702911885	0.0588699998	0.03413308428	0.003597811658	-0.03378807751	0.2579617056	0.2206103338	0.03953312444	0.04048395788	0.03121223138	0.07074163086	0.08065979522	0.08083049466	0.02049717331	0.040892783	-0.01765312464	-0.02010133392	0.03969919377	0.0613308768	-0.01794341523	-0.04967078919	0.008547133367	0.07522933352	-0.006355048084	-0.04727637997	0.06412462267	0.03109501005	-0.02133043469	-0.03925602793	0.002416765259	-0.06879984438	-0.0401625404	-0.04083335271	-0.04457847396	-0.0560341897	-0.1479959977	0.06023140563	0.04942486978	0.0268008565
0.05365546874	0.03632950814	1.13296458	0.01576199558	-0.04066829244	-0.03458883429	-0.01812380793	0.03234195872	0.03668914599	0.002224543657	0.01833909325	0.03917893968	-0.01756752952	0.0340215192	0.02531106407	0.01722942134	0.007507664301	0.04990912927	0.01007476109	-0.0004144173458	0.004399271276	-0.003441324245	0.01103033273	-0.02524647377	0.01892483	-0.02014393813	-0.02363074929	-0.04964695918	0.04209384713	0.04013836558	0.04226595193	0.01077339297	0.01177272611	0.01483895351	-0.003861351448	0.04484184238	-0.0365295748	0.1185288496	0.07441415804	-0.02199617249	-0.01806713833	0.05790997558	-0.0152236114	0.04758749253	0.04715741358	-0.05960198533	-0.02821876285	0.1219966149	0.0005198527964	0.00408502992	-0.06988084692	-0.06444302453	0.004850662097	0.02109371235	-0.0404518426	-0.02994061374	0.001108561975	-0.04669815526	-0.10158324	-0.05931031714	-0.1121719691	-0.06749920346	-0.1074932553	-0.1119975913	-0.05934848818	0.02645730196	-0.03748893199	-0.05574478195	0.03348370527	0.01795069725	-0.01012050986	-0.04077017485	-0.08523726875	-0.0295098641	0.03234851915	0.1240506787	-0.05044901944	-0.03161251154	-0.09101525602	-0.0664698463	-0.04198260218	-0.03688843942	0.07887829017	-0.02295285396	0.07299858126	-0.04740929621	-0.05015121496	-0.03182330366	-0.02574411888	-0.01246119332	-0.08187752889	-0.05756919915	0.08414662537	-0.01234219559	-0.1001396962	-0.07183654784	-0.03145416724	-0.005389413365	0.0172159475	0.01533114718	-0.02276963363	0.03823711343	0.005101439605	-0.001355887432	0.03845344492	-0.02430712218	-0.09307036374	-0.08546343342	0.0229783342	0.05927664345	-0.0682527238	-0.06716538324	0.005310237349	0.1074193239	0.07954640394	0.05865499456	0.02812315794	0.0323000412	-0.04437516985	0.003316868351	0.006415341281	-0.01917554281	-0.05666176094	0.1059897923	-0.0009271975251	-0.07384749433	-0.09453025762	-0.08816464814	-0.06852801521	-0.03447612185	-0.09092130295	-0.03425172573	-0.05625730816	0.04334696111	-0.07609571966	0.0009334915505	0.01947827357	0.03004371656	0.04747156155	-0.04069600747	-0.076658511	-0.01450837403	0.02440792752	-0.007099533667	0.0711742592	0.000881826879	0.06492709841	-0.05301486962	-0.1003362944	0.1271210824	-0.006274563691	0.1819945177	-0.05244740267	-0.03077721343	-0.02227727805	0.03956769237	0.09454372582	-0.005376836285	0.00255722031	0.0006310176921	-0.03233032924	-0.03659671736	-0.008862760941	0.1693744759	-0.02137548602	-0.03130028898	0.005950242221	-0.01336341363	-0.01353498194	0.003362698885	0.005744667607	0.007803915844	-0.02939014928	-0.02251330553	-0.0764823415	-0.02188192445	-0.03801044791	0.04256565381	-0.009030515282	0.05169103728	-0.01953386454	-0.07524610506	-0.02047472423	-0.04530276604	-0.05891080837	0.05674429268	-0.03703629256	-0.0465469831	0.02045347026	0.05259625403	0.06131020945	0.01148475778
-0.1088798529	-0.02999411384	0.01576199558	3.115793701	-0.05570773959	0.1293228518	-0.1349672193	-0.06779103726	-0.1536438083	-0.03173749649	-0.03900563015	0.01874911364	0.7382304069	-0.08837526656	-0.1216848565	-0.0575922037	-0.1389193601	-0.07326070756	-0.04081512071	-0.123884441	-0.1087307882	-0.08918552653	-0.1368326254	-0.01438290744	-0.08471907883	0.04877068007	0.03800277644	0.05404813223	-0.09528555598	-0.1130736124	-0.02079797419	-0.1287605561	-0.1516616808	0.03102218766	0.511810576	0.6101634479	0.2751225785	-0.02587927373	0.1434480125	-0.1280381053	-0.05504595219	-0.1770994064	-0.05010323397	-0.05339907917	-0.08161570133	-0.03974982582	0.07416591187	-0.04557417755	-0.09513659434	-0.154520997	0.1422310999	-0.05246008913	-0.1427312346	-0.1460567298	-0.0800646632	-0.09866889421	-0.1445724417	-0.1190014444	0.04671767965	-0.09900895301	0.03558783339	-0.05790817477	0.02937456806	0.01430266069	-0.03324279855	0.109577011	-0.07784146736	0.1377537378	-0.145365622	-0.1007500015	-0.1231140077	-0.08948099633	-0.04384332252	-0.1060993886	0.1060203587	-0.1011586116	0.2318298198	-0.05794047667	-0.08034474523	-0.03548842977	0.07939052228	0.07304216364	0.1511095651	-0.07593032267	-0.07176658882	0.1074216732	-0.05761734716	-0.1035905103	-0.0867200779	-0.06240030986	-0.02225997169	-0.05163454751	-0.007481449398	-0.04042951282	-0.01408811246	-0.06372271501	-0.06870965448	-0.01896873985	-0.1306909487	-0.04898479715	-0.04735017758	0.04334179717	0.007407247846	0.1275894312	-0.05898273678	-0.08232391685	0.09085127871	-0.009867371049	-0.1096973496	-0.07386034107	0.1829471451	-0.02634205543	-0.15333375	-0.09913111954	-0.09731283653	-0.0393253072	-0.07116025629	-0.137188686	-0.02072481133	-0.04732293713	-0.1499703375	-0.139556772	-0.03672497605	0.03166458877	-0.1104326212	0.0964084532	0.1142531907	0.1255960628	0.08166997397	0.2035943143	0.08832187163	-0.05331722867	-0.01593164317	0.4023502536	0.05817689341	-0.06314503102	-0.173291178	-0.1081597747	0.2146245082	-0.150801678	0.09108744496	-0.02455907383	-0.008234151116	0.1242381501	-0.05495376702	0.08198277895	-0.1157465034	-0.03335198074	-0.02123119762	-0.08370534563	-0.06257530821	0.02763368778	-0.01695204385	-0.1227908486	-0.1010165761	-0.1446700793	-0.151949483	0.009170810394	-0.05349849829	-0.04771208876	-0.04338284715	-0.03902656502	-0.05483555275	0.03973586274	-0.01067971586	-0.01003886976	-0.01061902471	-0.02946023321	-0.1209755912	-0.1195533596	-0.1397898061	-0.15497682	0.0800923657	0.09730708766	0.1124955058	-0.1328848099	0.08804811952	0.0196201828	-0.03094418524	-0.1283306522	0.1080972816	-0.03455223483	-0.08011367087	-0.0989382741	-0.05481056219	0.006088453992	-0.04520876054	0.2999542668	0.5387077641	-0.1376907157	0.03390840605	-0.1247325503
0.1285910072	-0.106994262	-0.04066829244	-0.05570773959	0.7022688672	-0.1329039125	-0.07760903726	-0.06970538838	-0.09766259667	-0.07547049602	-0.1270046765	-0.06392156983	-0.05927054457	-0.03374298354	-0.04752289305	-0.09552332389	-0.09687323281	-0.06246610645	0.0225405347	-0.05239663083	-0.01750304057	-0.06099024079	-0.07717030745	-0.09369406116	-0.07530170969	-0.1105406141	-0.09980126264	-0.1023183667	0.102616729	0.04316852316	0.122410749	0.03281104914	-0.05860240076	-0.03205599835	-0.1499988729	-0.1444243275	-0.08780546206	-0.09790111684	-0.08768149169	0.05616658937	-0.04074437533	-0.09007409795	-0.04226503807	-0.02301720386	-0.03150627501	-0.03837203831	-0.04942485099	0.09877759646	-0.1048309824	0.08964595708	0.1449154062	0.1175454134	0.1105595289	0.04799558653	0.08719371002	0.01724487932	0.1324214902	0.3159968619	0.2404025062	0.4247364214	0.05528589861	0.2221875868	0.05846352697	0.11659079	0.2318040702	0.103850387	0.3473925606	0.006250808338	-0.1003592896	-0.05898228872	0.04103212956	0.2609229586	0.1174834281	0.2706967842	0.05903210326	-0.08748813385	-0.0426015129	-0.01738776344	0.3085172901	0.04535174571	0.1229895806	-0.07293358142	-0.08276307267	-0.08838116646	-0.09687607757	-0.1180324955	0.04984746416	0.009666430218	-0.06654929656	0.003512771508	0.06226361211	-0.01724820242	-0.05867016674	0.1760360285	0.1546435395	0.4777245988	-0.03420669006	-0.08855194522	-0.02917436858	0.001319777954	0.05405833933	-0.04990515281	0.1207982223	-0.1245806082	-0.06998717539	-0.02964333752	-0.003906682672	0.1947679643	-0.03169823595	-0.09709944053	0.02234791846	0.1982196394	-0.006921386183	-0.0003167894197	-0.05962651778	-0.002734278515	-0.118070214	-0.07011128763	0.09092841964	0.03443409125	0.1238216969	0.03154378112	0.05014323743	-0.006212082176	-0.07337309509	-0.1203154365	-0.07579084241	-0.09337692896	-0.06469719127	-0.0848872417	-0.05654204347	-0.0531627764	-0.1031168107	-0.1399300465	-0.1374944119	-0.1033422593	0.02878436434	0.05174957655	-0.03712538917	0.06755286157	-0.04662458726	0.01651129423	-0.02684511565	-0.03413314939	-0.07131080185	-0.03673479317	-0.04537220788	-0.03438060358	0.1359780467	-0.05397375386	-0.05139307468	-0.07375044888	0.02461099563	-0.0218517488	-0.01743260829	-0.02433883537	0.08431658195	0.08022966898	-0.05950183526	-0.05551360243	-0.04573562982	-0.09007758293	-0.07208597355	-0.09226880331	-0.09789403039	-0.08757684816	-0.1169754346	-0.1219000261	0.06692364565	0.01948261461	-0.0634439834	-0.06194111895	-0.022393824	-0.02395093657	-0.09891479633	-0.08874370014	-0.08124251229	-0.06458700214	-0.01223239155	-0.02311564277	-0.046695505	0.06586121763	-0.008267128733	0.1255864109	0.09648752539	0.02792432259	0.08400053236	-0.09852888819	-0.1437951971	-0.06790178409	-0.04218682375	-0.02668398168
-0.08399041527	-0.002932837906	-0.03458883429	0.1293228518	-0.1329039125	1.599540577	0.1035576914	0.1443378399	0.1483901159	0.2887761832	0.6963937517	0.158097392	0.04326097927	-0.08877487387	-0.06876598397	0.2885021778	0.2539254586	0.02616889479	-0.1006715915	0.003498384215	-0.04768735675	0.03171441019	0.09307549169	-0.03662850643	0.06555996783	0.4220199538	-0.01949972235	-0.09374567043	-0.0699798693	-0.002934161551	-0.08822891025	-0.02083728174	0.02212279961	-0.05879220276	0.05851104475	0.1173035255	0.1723712055	0.3465149321	0.06314103462	-0.07320920971	-0.04557110674	-0.01947622085	-0.03843898829	-0.009068076182	-0.05972121958	-0.09498220475	-0.01941897423	-0.06657016718	0.1705275631	-0.07003213383	-0.1473604183	-0.1387044089	-0.05892644266	-0.06507731943	-0.03249744134	-0.0957466354	-0.08637011302	-0.09555340445	-0.0327119239	-0.0943585791	-0.07343440886	-0.1223980338	-0.06932061256	-0.04741224666	-0.1201362876	-0.1460122513	-0.1143645819	-0.09951360783	-0.02920826191	-0.03698695756	-0.06017604926	-0.1058624362	-0.07753390139	-0.07512303296	-0.08696670417	-0.01986759029	-0.06698151775	-0.01971198174	-0.07878708442	-0.03461581341	-0.12742702	-0.02304526176	0.1417261899	0.1695909089	0.2200797043	0.1669493494	-0.07431878436	-0.09427239725	0.05355953774	-0.09039061454	-0.1297176994	-0.08261318729	-0.0792629417	-0.08111579442	-0.07761602115	-0.1190137804	-0.07145096508	0.02411278346	0.02964833657	-0.004859533784	-0.02799825359	-0.0595514264	-0.1003878175	0.283237395	0.02076406525	-0.02707567464	-0.03092095991	-0.08475715408	0.008708528941	-0.04753573857	0.1789441438	-0.09485560352	-0.07534596066	-0.07502354706	-0.03978607783	-6.364282155e-06	0.1278420626	-0.04611465912	-0.1064510585	0.06099522607	-0.05391165259	-0.07203937257	-0.1228711344	-0.0439037886	-0.008290640846	0.006916129751	-0.01893189292	-0.02827479124	-0.03146387913	-0.08352571123	-0.02818457593	0.01819329496	-0.05906649851	0.1101494994	-0.03791023963	0.03918054613	-0.05117427794	-0.06697353967	0.0103970041	-0.05905357991	0.02345733016	-0.1166756085	0.002746321038	-0.02437915079	-0.001564449784	0.01563131441	-0.05839812749	-0.07130670306	-0.05270797014	-0.04682655506	-0.05805956411	-0.02576586959	-0.1083194563	-0.08099676885	-0.05163060432	0.02790348526	-0.05326715131	-0.03426843982	0.03297790395	0.04140787688	-0.008779930707	0.02595067941	-0.004380313967	0.06431220888	-0.005814124353	-0.001850146274	-0.02062057096	-0.03075086038	-0.03513001313	-0.06119952311	-0.02186857807	0.03106677329	-0.05756817984	-0.0350037383	0.006207194158	-0.02664964694	0.06743259191	0.2647925451	-0.08047814104	0.004971933553	-0.04635583164	-0.1073032798	-0.08510194889	-0.04648381814	-0.1334348445	-0.09405000583	-0.1161900253	0.3619936065	0.07376741867	0.0763285589	-0.01806604661	-0.001670336012
-0.009521860844	0.02788934146	-0.01812380793	-0.1349672193	-0.07760903726	0.1035576914	0.6481882413	0.1792797201	0.2098654926	0.1269063108	0.1935359131	0.02845826005	-0.1272463749	0.01599627012	0.04329963035	0.1695538502	0.09807736848	0.1257207739	0.05362017993	0.0340412667	0.1149156062	0.1056907791	0.1952807642	-0.005056809059	0.1821425241	0.04696438823	-0.008802749327	-0.02707279689	0.06035543192	0.0887747453	-0.06703103276	0.111757903	0.1572303356	-0.02493433857	-0.15697077	-0.136465951	0.0442549642	0.11912714	0.01399604747	-0.02529768966	0.06158854967	0.05814479937	0.05160499436	0.01114833355	-0.01673980348	-0.05098418268	-0.01622952333	0.001619179098	0.1717443572	-0.02045760649	-0.1176759561	-0.07807736797	-0.03460301654	-0.006102094312	0.009282554797	-0.02796092917	-0.0044875418	-0.05674227623	-0.07830373038	-0.05815702092	-0.08323983582	-0.05584689832	-0.0855559982	-0.05885007477	-0.06297611841	-0.07347532456	-0.07495630649	-0.1338189349	0.03527328015	-0.007817883808	-0.003886526395	-0.06831255519	-0.03458869369	-0.03459907541	0.009258244883	0.03799721869	-0.1320763793	-0.01398404047	-0.04975351502	-0.05964257859	-0.1113913948	-0.03442011321	0.001694052562	0.09986744919	0.1102950083	0.05650878159	-0.02687975534	-0.006766576958	0.05444727024	-0.03451091953	-0.05947549565	-0.05099712546	-0.02178804039	0.003434915055	-0.05558431969	-0.06587494485	0.05673015861	-0.03839900142	0.04847485821	-0.02379880922	-0.06295710086	-0.004527833201	-0.04093055192	0.008990790714	0.08687092248	0.06495732828	-0.09019463809	-0.05116926508	0.04997660532	0.01364490102	0.03549539002	-0.05686367279	0.01356785466	0.0209513827	0.01925055771	0.008935386687	0.1969804517	0.04489747051	-0.07683718556	0.03305419978	-0.015226739	0.01297493341	-0.08042961308	-0.1066592474	0.1270456081	-0.1051726972	-0.1040387269	-0.09213790081	-0.117496269	-0.1609633793	-0.1037608049	-0.02208344218	0.01214044075	-0.02567714203	0.03764608491	0.03292731371	0.00198588275	0.099043137	-0.0319562906	-0.000713370102	-0.04508350806	-0.01097620568	-0.05135797697	-0.08232979489	0.03748752891	-0.02203873967	0.04368827372	-0.05888227078	-0.07639765109	0.07261656358	0.02753235825	-0.08247901275	-0.01497926914	-0.007277933156	0.01441083478	0.08500443942	0.06608120263	-0.05325078576	-0.04308625753	-0.0372710475	-0.02480759345	0.002030513578	-0.02601083525	0.00661380095	-0.03544303877	-0.04694665397	-0.02775393265	-0.0175093525	-0.05854328005	-0.02822613251	0.01961887499	0.03490197376	-0.07924086471	-0.08440692051	-0.03388741124	0.04995030915	-0.01652824773	0.1042318143	0.001032423596	0.06518241318	0.01746220784	-0.07757313234	-0.04975527921	-0.03838504878	-0.07828492875	-0.04103612894	-0.07868484102	-0.0328840015	-0.1438546947	0.1071559796	-0.01283717553	0.06276144003
-0.05472256727	0.02036925411	0.03234195872	-0.06779103726	-0.06970538838	0.1443378399	0.1792797201	1.003351878	0.1681628504	0.1634706741	0.1117345754	0.1368948295	-0.1114591742	-0.01076542502	0.04985758084	0.1597550574	0.2369299804	0.06956420899	-0.03036341619	0.05426435801	-0.004412513948	0.0207460459	0.1151943553	-0.01829443872	0.06433151441	0.1265252145	-0.003009393848	-0.0008005542815	0.05361569071	0.06547655797	-0.08488369836	0.0754340206	0.1330683354	-0.04895693133	0.0222038321	0.05206662394	0.07237530215	0.1525709033	0.03145622692	-0.00450463006	0.07301377265	0.02597988933	0.06303021734	0.01029321797	0.009069021748	-0.04980715959	-0.07927703689	-0.02385772576	0.1189530732	0.006400906888	-0.04847848116	-0.07585708445	0.01078286821	-0.01566581608	0.03329123233	-0.01614768639	-0.03165239075	-0.03391931427	-0.09304347272	-0.02596697921	-0.1250122203	-0.08460767337	-0.1403422927	-0.1351505165	-0.08264909712	-0.05058313152	-0.05141969378	-0.1175248072	0.04094254746	0.003292282623	0.02936713446	-0.04961884996	-0.07421487534	0.01303038975	-0.01192947756	-0.02380129041	-0.1574155075	0.01120807428	-0.08142365	-0.0958897676	-0.09806379619	0.001943741042	0.03965162729	0.151938978	0.2422719561	0.06684881329	-0.0622026829	0.005897312696	-0.01579790458	-0.01021402136	-0.09752519734	-0.05505942057	0.01342372929	-0.03416550777	-0.09539488073	-0.04168448758	0.0005931139479	0.03718679072	0.09348434899	-0.0222041907	-0.08109895438	0.02458036254	-0.04504371378	0.06339320683	0.04861909435	-0.0175624023	-0.125530151	-0.09169048057	0.01258677526	0.05953611395	-0.08124803564	-0.08937509621	-0.0001268555015	0.01112491555	-0.00790318911	-0.008246675563	0.07856962229	0.03297152592	-0.07646082802	0.00426658442	0.01730238459	0.01396485163	-0.09316821795	-0.07925174109	0.0657298244	-0.123299142	-0.1165548484	-0.1249781744	-0.07085988379	-0.1474204513	-0.1117380955	-0.04981320512	-0.07020723235	0.05032928101	-0.055139215	0.039557607	0.00090563872	0.03135166522	-0.02931005012	-0.01331828489	-0.07348924719	-0.04176128257	-0.0242098309	-0.1008050288	-0.01781985369	-0.09974790351	0.02122702418	-0.04447842232	-0.07435650841	-0.02378197882	-0.01696711805	0.008106492124	-0.04105568676	0.001296531189	-0.05497722181	0.1367300666	0.02533370163	-0.07325705068	-0.01171934931	-0.007583364448	-0.05134989543	-0.05216366582	0.01095784422	0.08221967181	-0.02980029347	-0.04130390868	-0.02995390325	-0.01905477802	0.01218209176	-0.02637868669	-0.02057303812	0.05286053961	-0.0672100347	-0.05938187063	-0.07671656122	0.02644536081	-0.01181767522	0.161938698	0.08691940798	0.06872227209	-0.003498003888	-0.1150829373	-0.05417465828	-0.07073712688	-0.09025089749	-0.07026901586	-0.06470072551	0.1410736971	0.003707738699	0.1362061683	0.004559733463	0.03445878302
-0.008013360947	0.06464618687	0.03668914599	-0.1536438083	-0.09766259667	0.1483901159	0.2098654926	0.1681628504	0.4954518348	0.06765425942	0.3051218923	0.1061577267	-0.1546131094	0.04870076308	0.03702593188	0.2803679734	0.2545787195	0.1258341069	-0.02722848855	0.02829632878	0.03149039291	0.08763577505	0.3243552533	-0.05000062072	0.1315706326	0.1554664861	-0.0605050934	-0.09167521075	-0.004249010548	0.04421052892	-0.06073266427	0.05571100171	0.07398453739	-0.07770704219	-0.2032176703	-0.1953475679	0.07924271707	0.1592221954	0.03059378738	-0.02272227244	0.01634393176	0.09860448699	0.02392180275	0.03009106364	0.02414103655	-0.04927759679	-0.05655436427	-0.02890720305	0.2814873349	0.006487485392	-0.1157738231	-0.09690891197	-0.0003588409753	0.02079558387	-0.05480638954	-0.01211304575	-0.002919998972	-0.04934754016	-0.1132382698	-0.05260881865	-0.1085608773	-0.07941510194	-0.08703708593	-0.1127173603	-0.08397136564	-0.07296133997	-0.07385196565	-0.1799591215	0.08367011968	0.03790204526	0.005046943962	-0.06959391955	-0.09069201856	-0.03480322739	-0.09182472023	0.05209869775	-0.1527279867	0.009440944776	-0.05125455466	-0.06801953252	-0.102186549	-0.03171772199	0.01852350109	0.225756677	0.189005403	0.008698310735	-0.04286117386	-0.002398848489	-0.00550423845	-0.01681505853	-0.08530269992	-0.05089976024	0.03200471863	-0.06095375036	-0.1067260719	-0.0903780364	-0.03369285508	-0.03689081526	0.03708843568	0.02459266576	-0.07075105415	0.007443328893	-0.04679216518	0.01302044777	0.05611728463	-0.01096892101	-0.1515544839	-0.1047930446	0.02972001625	0.06951478841	-0.01713890037	-0.06886649788	0.04181174758	0.02142777417	0.07523991945	0.03510700535	0.3044562928	0.09239980694	-0.08958393208	0.102565802	0.00819326686	-0.0210162217	-0.07123834671	-0.05331199502	0.03617878415	-0.08147109851	-0.1149583538	-0.1082058636	-0.1269333772	-0.1509356229	-0.1257935886	0.04075442581	-0.03224726342	-0.05565514172	-0.05681771137	0.06170414784	0.02629519311	-0.002221079786	-0.04885213622	-0.007548106659	-0.1227437124	-0.0814118759	-0.07295393341	-0.1217472715	0.02753321067	-0.03571270245	0.03709747034	-0.01194251942	-0.09608037833	0.02576803741	0.005516856921	-0.02717291602	-0.0420982945	0.0007699226532	0.02767454672	0.1466688133	0.03975692823	-0.0323161547	0.00431865849	0.002870798809	-0.0250351741	-0.01117030627	-0.001261374415	0.06665989834	0.009551394478	-0.000746966125	-0.009525472133	4.790744807e-05	-0.03815379328	-0.01256607595	0.0481464382	0.0565860724	-0.05285704649	-0.05034285769	-0.02242604883	0.01522611131	-0.01859108249	0.2523960392	-0.008633317966	0.066104681	0.003083843408	-0.07064879934	-0.03055479396	-0.03191853722	-0.0662093401	-0.06641504425	-0.08127869639	0.0586386256	-0.1952643676	0.2274988713	-0.02980634613	0.02909819859
-0.06427651405	0.01569223614	0.002224543657	-0.03173749649	-0.07547049602	0.2887761832	0.1269063108	0.1634706741	0.06765425942	1.133143866	0.2264548139	0.1140561872	0.03733774557	-0.02666074799	0.09321142732	0.06652586727	0.07210530418	0.048727293	-0.04792543048	0.05493817527	-0.0490765122	0.0744107561	0.09280059152	-0.03974375734	0.02815853498	0.2482745239	0.005047633188	-0.08232156814	0.08122362255	0.06736990106	-0.08578292547	0.0471699601	0.1171317041	-0.02738867939	0.07075981528	0.01399611688	0.07180820642	0.1145322314	0.01536656795	-0.03249535152	-0.004909205198	-0.02135008568	-0.013052221	-0.03775126566	-0.00811250464	-0.01473366467	-0.04430498332	-0.01832764675	0.06536616574	-0.03724412324	-0.1061400159	-0.07104602125	-0.02363297676	-0.06530931408	0.0427926274	-0.01511452479	-0.05814607666	-0.06578492603	-0.09611664526	-0.05014418153	-0.07677532279	-0.09297766535	-0.1102533452	-0.1370789114	-0.08236177851	-0.09016975509	-0.08548176089	-0.03158854437	-0.001321819716	-0.01498327482	-0.01365570613	-0.08144341348	-0.07588844333	-0.01103502138	0.08971011231	-0.0386681489	-0.1019464712	-0.02625442767	-0.09004223053	-0.08431346949	-0.1052042036	-0.0234110923	0.04439378082	0.1114121731	0.05996154597	0.0562149528	-0.05191161962	-0.008828168726	0.05514598466	-0.03807188202	-0.08560322125	0.010153663	0.08708287547	-0.05796890513	-0.101715953	-0.06335964374	0.05617923912	0.001206400894	0.1554904148	-0.0510375527	-0.08874011884	0.04759324675	-0.05517784957	0.160102434	0.107580059	-0.02538000712	-0.05740638323	-0.08777659068	-0.0246087878	0.01082582527	0.01641106132	-0.06916826948	-0.02229934228	0.007330034223	0.09882013588	0.08930354222	0.04700243213	0.01609500235	-0.08113359411	-0.008587577809	-0.01956900447	0.0234455487	-0.09514571735	-0.07716763845	0.03679407511	-0.08494829628	-0.0858799242	-0.08945362121	-0.01491827541	-0.07918803775	-0.09741057791	-0.08271162679	-0.06923382872	0.04803415471	-0.03854746181	0.07339736608	-0.0119043529	0.02413523577	-0.0471956247	-0.03435034427	-0.002133849772	-0.03493752728	-0.02605437358	-0.07417839651	-0.04558877373	-0.1127561673	0.003151400517	-0.04822184561	0.01796254731	-0.01695303973	0.01605636913	0.02284807469	-0.02714712294	-0.01946415329	-0.06069948278	0.09659183843	0.01237421304	-0.06542535824	0.005230460673	0.008351446683	-0.04605573612	-0.06005001838	0.03038081558	-0.008958689572	0.01171492273	0.008209538438	0.03486398262	0.02096167515	-0.02935159518	-0.05637624076	-0.04524786949	0.05281660705	-0.05121101003	-0.007021446301	-0.004603174394	-0.008440285325	-0.01802687161	0.0548352168	0.005472862648	0.22560112	-0.05333598939	-0.0968496001	-0.06188533179	-0.08494473845	-0.09722344129	-0.04654434234	-0.04534741925	0.05119272335	0.03118878875	-0.0002773246925	0.04307921798	-0.003473281716
-0.04030236508	0.04734692319	0.01833909325	-0.03900563015	-0.1270046765	0.6963937517	0.1935359131	0.1117345754	0.3051218923	0.2264548139	0.9440884915	0.1357712706	-0.05799248184	-0.000318329209	0.004802127902	0.3594432196	0.2488561654	0.09863077655	-0.07674874091	-0.01068245701	-0.0155606645	0.06523623804	0.2344381284	-0.03232868384	0.1341009227	0.3911965282	-0.04420834901	-0.0881722512	-0.02329422177	0.01069708204	-0.06182099342	0.008986218475	0.02112854782	-0.0599264171	-0.08533991473	-0.05589622304	0.1514772246	0.3299272758	0.08530701848	-0.05689356156	-0.03576512096	0.02491313385	-0.02818724997	-0.02553685994	-0.02541147117	-0.07004751536	-0.0235387272	-0.05844828457	0.3074546607	-0.02396502286	-0.1385979184	-0.1118068255	-0.03168195052	-0.02146258903	-0.08145111025	-0.04858176533	-0.03149045758	-0.08139519829	-0.1224653528	-0.09616269493	-0.1193214729	-0.1129547047	-0.09170211017	-0.119750311	-0.1149430017	-0.09295683884	-0.1052020176	-0.1107962387	0.03306300274	0.02778066717	-0.03955973519	-0.09691085317	-0.1229858616	-0.0650822432	-0.09966832939	0.01455109378	-0.1110426576	0.02202698077	-0.0605039679	-0.1031351777	-0.1466110584	-0.02910103681	0.09491396221	0.1185486127	0.1792977155	0.06601360347	-0.07530477971	-0.04738173315	-0.005140922361	-0.06701169707	-0.1186945311	-0.04081847109	-0.008101630476	-0.07519165754	-0.1277563051	-0.1214730617	-0.0512065456	0.007431304672	-0.01090653229	-0.03673826172	-0.1060564752	-0.03777531195	-0.09686148503	0.1558509564	0.07172740957	0.02679813314	-0.1110047367	-0.134897438	0.01672982992	0.02103528483	0.150419929	-0.1011698813	-0.007504897043	-0.0009640838441	0.04068471223	0.05654652102	0.2891900956	0.03906087541	-0.1183318684	0.1203289736	-0.02170244908	-0.04339901669	-0.09611475094	-0.07412848983	-0.01486520388	-0.06163049759	-0.09736530908	-0.0931476462	-0.09796210589	-0.09267235658	-0.1157106668	0.05057242412	-0.03744401158	0.07594970906	-0.02737170907	0.0437977205	-0.0002404494645	-0.02630003209	-0.04156372406	-0.03630242572	-0.05047915056	-0.09940284555	-0.05144901358	-0.1054147242	-0.01737257349	-0.08072812836	-0.01046639768	-0.02502318915	-0.1101105551	-0.007105537981	0.006365803091	-0.08266714507	-0.06645171185	-0.03420628756	-0.01510834931	0.08013287623	-0.01186119953	-0.05149459292	-0.01675304901	-0.01620738349	0.02115621001	0.009251697843	0.04798632005	0.02588512784	0.01215558441	0.008257565663	0.04340037875	0.02889868637	-0.06134419878	-0.04527318062	0.008007572109	0.01472777417	-0.04861993506	-0.03570509205	0.006681161148	-0.009805507804	0.006074069222	0.300467196	-0.04862171658	0.04455541968	-0.005334707814	-0.07697344275	-0.05665125642	-0.06930865261	-0.09174496324	-0.09764678959	-0.1013115381	0.1619714756	-0.07432806996	0.1136377708	-0.0007719311294	0.01036146032
0.03133549281	0.02395031374	0.03917893968	0.01874911364	-0.06392156983	0.158097392	0.02845826005	0.1368948295	0.1061577267	0.1140561872	0.1357712706	1.287649443	0.004297458862	-0.02097750011	-0.03097501837	0.2915212287	0.1667179856	0.01628985363	0.02674585141	-0.0130446849	0.0221633564	-0.006186793417	0.02303987141	-0.03387677019	0.06664245849	0.2648857495	-0.00728375727	-0.07003431358	-0.0007039246949	0.009581712399	0.01453015114	-0.0202718197	0.008642473918	-0.05238669651	0.01506086724	0.01991296086	0.07718367853	0.1624601465	0.1589361896	-0.06749450768	-0.0008507510838	0.002338577741	-0.0006574596602	-0.008793023928	0.00442016945	-0.08370335528	-0.01769445454	0.008993772153	0.0785345638	-0.02718011674	-0.04988575811	-0.1204919259	-0.02546060916	-0.006261771972	-0.04321550433	-0.03814617306	-0.02287550056	-0.05139417592	-0.0825568327	-0.04339875683	-0.1545017956	-0.05135184621	-0.1252920467	-0.07019447525	-0.07411865988	0.04453470383	-0.08260392012	-0.1640406002	-0.003021134573	0.003552800025	-0.05422462935	-0.06949293241	-0.1170591006	-0.04880194721	-0.04178219139	0.08031846465	-0.1016406253	0.009603245507	-0.03006944455	-0.1054839922	-0.05266199042	-0.01975915307	-0.002395233884	0.1008488303	0.1353806562	0.1597339533	-0.05802740526	-0.05553834221	-0.01618577433	-0.07275537534	-0.06378139593	-0.0452772498	-0.003074075231	-0.0625954468	-0.1177763431	-0.07113176881	-0.0164924114	-0.03125623543	-0.004876897863	-0.03286778405	-0.09323701559	0.02428907457	-0.05349386017	0.426445223	-0.02135312842	-0.006814715098	-0.1123367596	-0.09142003107	0.04392187663	-0.01421342438	0.03408697482	-0.04401875812	-0.02905306554	0.01979611542	0.01553972914	0.0943707343	0.2029229229	0.02132730324	-0.06211938121	0.08725593952	-0.0195651419	-0.0667141775	-0.09445045916	-0.07089729064	-0.02937821791	-0.06322924321	-0.08091079906	-0.0844917159	-0.08747819661	-0.06667722907	-0.0818073118	0.07819559428	-0.02892795231	0.1598766096	-0.06085152083	0.06289214266	-0.03834635333	-0.07779813915	-0.002140690524	-0.03240564731	-0.08794541736	-0.07985937029	-0.05171949445	-0.07836636582	0.04918820004	-0.07986735006	-0.00323095444	-0.04239877085	-0.09488518863	0.0326185024	0.007872374743	0.02735112424	-0.07236204442	-0.02542040555	0.01723520677	0.05694795536	0.0004993313756	-0.0278177151	-0.004755603061	0.002422081928	-0.0213398388	-0.03810315456	-0.02973898502	-0.02495679862	0.01231557227	-0.03177891028	-0.02812152439	-0.01349071715	-0.0162404617	-0.02284187984	0.004590519485	0.02036172793	-0.1194143181	-0.07981325379	-0.05962913813	0.01871752141	-0.004980325524	0.2365910834	-0.04517630185	0.007132409319	0.008654393597	-0.08700093875	-0.04253259325	-0.02917492408	-0.09633184885	-0.02279536062	-0.06998506313	0.1537214332	0.01395936618	0.1142770687	-0.03038178117	-0.006104039201
-0.09848544502	-0.02620336264	-0.01756752952	0.7382304069	-0.05927054457	0.04326097927	-0.1272463749	-0.1114591742	-0.1546131094	0.03733774557	-0.05799248184	0.004297458862	3.098018116	-0.1010328161	-0.1214793669	-0.02308193785	-0.1403760572	-0.08623132805	-0.03227087347	-0.09801033785	-0.107030033	-0.07030287373	-0.1304414445	-0.02835031384	-0.08379550192	0.1199654038	0.0600614174	0.05610999771	-0.08110163292	-0.1089435109	-0.002803161227	-0.1418934869	-0.1525459302	0.02235390098	0.5265560235	0.5798419019	0.3142402824	0.01486901103	0.1636069665	-0.1383060925	-0.03682762886	-0.172575393	-0.03723487864	-0.1074629539	-0.09365489938	-0.03310007457	0.04384181639	-0.06642042553	-0.07893090888	-0.1458790766	0.1115518531	-0.02768145095	-0.1226198898	-0.1569607798	-0.09630723699	-0.1075056214	-0.1337625098	-0.1082280088	0.03251510412	-0.08502245596	0.07859189352	-0.05611654275	0.07502031369	0.0211668321	-0.02646001195	0.07681547916	-0.06936396436	0.143559958	-0.1623115057	-0.09216905063	-0.1281337735	-0.09121796812	-0.04564108937	-0.1067433099	0.1188486613	-0.1032640395	0.147725121	-0.07607211263	-0.06678276102	0.009282875709	0.074921728	0.04216813262	0.1128674338	-0.08656126591	-0.05970608194	0.1480133711	-0.03879570999	-0.1151397554	-0.1017598522	-0.08425738198	-0.007671695209	-0.05329315674	0.003721462793	-0.0135099	-0.002088580788	-0.05580339441	-0.05263055401	-0.03518490139	-0.1184200118	-0.08267308122	0.006132842502	-0.01159029029	0.004614571568	0.1857279526	-0.1008364267	-0.09270652678	0.09405130962	-0.01325015854	-0.1018154984	-0.08316532235	0.1843283831	-0.01882296289	-0.1603855539	-0.09042816362	-0.08023279487	-0.04747748013	-0.07229262535	-0.1459074019	-0.01941124679	-0.06896965342	-0.1460200847	-0.1398070559	-0.05803498897	0.01079537309	-0.1132837663	0.08525184454	0.09709984043	0.1328386826	0.06993349917	0.1892539312	0.07826907889	-0.0404175682	-0.01424239145	0.2315342062	0.05458134411	-0.0368378509	-0.1795978581	-0.1287673138	0.1544059119	-0.1423870446	0.06056754339	-0.006592903228	-0.009709835869	0.0875279347	-0.06326172501	-0.003026435738	-0.1381573269	-0.04037563892	-0.01442155484	-0.07194619618	-0.05202920017	0.04651457084	-0.025158818	-0.1069826257	-0.0766342621	-0.153793231	-0.1425975277	0.02511308283	-0.04116368616	-0.03984338968	-0.0389841668	-0.06521520326	-0.02662867132	-0.00676810423	0.02676949268	0.03008957947	0.03013169893	0.01810621675	-0.1098074792	-0.1008267732	-0.1276123239	-0.1313573833	0.07086353344	0.1102938366	0.132366382	-0.1015997341	0.06236492512	0.01195515819	0.006053717164	-0.1255308267	0.146691914	0.009383065124	-0.08331455893	-0.09814823379	-0.07237719462	0.01207215537	-0.04377078408	0.279133176	0.5459423887	-0.1444166032	0.02309744177	-0.1216974396
-0.03051314729	0.06566338398	0.0340215192	-0.08837526656	-0.03374298354	-0.08877487387	0.01599627012	-0.01076542502	0.04870076308	-0.02666074799	-0.000318329209	-0.02097750011	-0.1010328161	0.5711670088	0.1740808412	0.02153990095	0.01385027146	-0.01477064672	-0.02085676222	0.02454516433	0.04120918055	0.02032259346	0.041067089	0.028364839	-0.0009743430663	-0.06744535031	-0.003854424974	-0.007887974678	-0.006317772315	-0.01435390867	-0.02894206952	0.0363957869	0.039357616	-0.01852758598	-0.1580415113	-0.1420589111	-0.0001672061208	-0.01493820599	-0.01715049337	-0.0168036592	-0.01716515635	0.09280979049	-0.02169978262	0.1081899914	0.07298064886	0.007300099563	-0.04580307621	-0.03323533185	0.03964718454	0.01432517268	-0.03890668408	-0.02115512615	-0.03960679077	0.05714950567	0.05234967491	-0.0305220347	0.000456722072	-0.01815544237	-0.0296595239	-0.03040001436	-0.03170475943	-0.01245052883	-0.05069576855	-0.03759169385	-0.004346950533	-0.01298000718	0.008281097768	-0.05473747006	0.1345880672	0.04045619249	0.06545045721	-0.0211130317	0.002994226426	-0.05412663681	0.07437261328	0.01888066946	-0.08477081906	-0.009354072757	-0.04129516153	-0.03634620817	-0.004487239507	0.0722072899	-0.06273207198	-0.04057212269	0.01181991016	-0.05173832076	-0.07536890617	-0.007947100235	-0.0286852564	0.01799869805	-0.04640461563	0.02384399654	0.03510568448	0.06188774712	-0.00768201235	-0.02577778311	-0.04126740836	-0.03466758148	0.1392046354	0.08304433815	-0.02390843473	0.01008701377	-0.04509224002	-0.07372333535	0.07096324699	-0.02265074562	-0.07541353766	-0.01136728612	0.04401095885	0.1279925964	-0.04597305874	-0.01915430623	0.1147194717	0.01248050566	0.03406636726	-0.009483576265	0.01061880129	0.2773129403	-0.01609779185	-0.0269182507	-0.03074549186	-0.004561768741	0.05066796788	0.002898153934	-0.001408889918	-0.1022564346	-0.1334616651	-0.1380529611	-0.1146805877	-0.1100928397	-0.1194549423	0.01267819819	-0.06985730469	-0.05646030327	-0.07339144467	-0.05787737333	0.02810429132	0.1273207429	-0.07302260033	0.06613747063	-0.1255592963	0.1086638035	-0.06025865331	-0.01408018814	-0.02477382641	0.01603410831	0.1013355034	0.09451530404	-0.01292844145	0.0430164308	-0.019833367	0.04662386925	0.02928480311	0.04311504519	0.01841750012	0.04922894195	0.05124722562	-0.03161625912	0.03574789469	0.02916438329	-0.04624884514	0.004381600723	-0.02126207857	0.01686542869	0.08970254359	0.07748468571	0.06106032888	0.07815265111	-0.05628133912	-0.03449281615	0.08841650501	0.01097580497	0.004548904329	-0.1045882288	0.008884812726	-0.02062678253	-0.05563601518	0.01232597708	0.05242968386	0.04963480008	-0.1090433624	-0.03033627856	-0.04433525225	-0.07446311442	0.03383199059	-0.009116144187	-0.006563872136	-0.061888131	-0.1512224319	0.05167771971	-0.003650853504	0.004863534837
